CCSDS_OEM_VERS = 2.0
CREATION_DATE  = 2026-09-19T15:15:51.545
ORIGINATOR     = ORBINAUTS ENGINE ORACLE

META_START
OBJECT_NAME          = ISS
OBJECT_ID            = 1998-067-A
CENTER_NAME          = Earth
REF_FRAME            = EME2000
TIME_SYSTEM          = UTC
START_TIME           = 2026-09-19T12:00:00.000
USEABLE_START_TIME   = 2026-09-19T12:00:00.000
USEABLE_STOP_TIME    = 2026-09-21T13:00:00.000
STOP_TIME            = 2026-09-21T13:00:00.000
META_STOP

COMMENT Simulated data: every vector here was computed by oracle/ephemeris.py with Skyfield from published Elements and a made-up reboost.
COMMENT It follows the layout of NASA's ISS Ephemeris file but is not NASA's and describes no real trajectory.
COMMENT Units are in kg and m^2
COMMENT MASS=468853.80
COMMENT DRAG_AREA=1138.30
COMMENT DRAG_COEFF=1.80
COMMENT Begin sequence of events
COMMENT TRAJECTORY EVENT SUMMARY:
COMMENT 
COMMENT |       EVENT        |       TIG        | ORB |   DV    |   HA    |   HP    |
COMMENT |                    |       GMT        |     |   M/S   |   KM    |   KM    |
COMMENT =============================================================================
COMMENT  Simulated_Reboost    263:12:00:00.000             0.8     424.6     416.5
COMMENT =============================================================================
COMMENT End sequence of events
2026-09-19T12:00:00.000 -6193.300837 -2480.480770 1310.786308 2.872059 -4.070471 5.817378
2026-09-19T12:04:00.000 -5287.262588 -3355.365253 2642.170147 4.632257 -3.175710 5.209569
2026-09-19T12:08:00.000 -3996.812264 -3986.294725 3780.907694 6.055853 -2.049956 4.221843
2026-09-19T12:12:00.000 -2415.771560 -4327.398390 4643.972102 7.039061 -0.775256 2.926381
2026-09-19T12:16:00.000 -659.108496 -4353.904560 5168.464597 7.510474 0.555716 1.417655
2026-09-19T12:20:00.000 1145.465493 -4063.882493 5316.140233 7.435876 1.846439 -0.194619
2026-09-19T12:24:00.000 2866.732064 -3478.344612 5076.135568 6.820397 3.003358 -1.793323
2026-09-19T12:28:00.000 4379.414281 -2639.743616 4465.765510 5.708153 3.942404 -3.262122
2026-09-19T12:32:00.000 5573.243135 -1608.965273 3529.347262 4.179426 4.594974 -4.493680
2026-09-19T12:36:00.000 6361.050232 -460.979765 2335.086638 2.345350 4.913070 -5.397522
2026-09-19T12:40:00.000 6685.284214 720.598158 970.168130 0.340101 4.873169 -5.907026
2026-09-19T12:44:00.000 6522.381107 1849.673523 -465.655352 -1.689087 4.478301 -5.984802
2026-09-19T12:48:00.000 5884.549155 2844.078141 -1867.497472 -3.593307 3.757943 -5.625743
2026-09-19T12:52:00.000 4818.769305 3631.672798 -3133.174602 -5.233574 2.765603 -4.857278
2026-09-19T12:56:00.000 3403.117443 4155.618417 -4170.761187 -6.491345 1.574393 -3.736823
2026-09-19T13:00:00.000 1740.800700 4378.400361 -4905.238845 -7.276920 0.271186 -2.346882
2026-09-19T13:04:00.000 -47.509110 4284.353909 -5283.762525 -7.535188 -1.049917 -0.788554
2026-09-19T13:08:00.000 -1832.397448 3880.601646 -5279.250719 -7.248707 -2.294208 0.825827
2026-09-19T13:12:00.000 -3484.871327 3196.431776 -4892.163954 -6.438359 -3.372702 2.380365
2026-09-19T13:16:00.000 -4885.420918 2281.209862 -4150.434410 -5.161867 -4.208006 3.763305
2026-09-19T13:20:00.000 -5932.474214 1200.948990 -3107.561458 -3.510217 -4.739604 4.874579
2026-09-19T13:24:00.000 -6549.733949 33.704019 -1838.936822 -1.601899 -4.928318 5.632952
2026-09-19T13:28:00.000 -6691.864039 -1135.968138 -436.552577 0.425074 -4.759554 5.982250
2026-09-19T13:32:00.000 -6348.017311 -2223.131320 997.611901 2.423089 -4.244839 5.896023
2026-09-19T13:36:00.000 -5542.818389 -3148.717506 2359.060663 4.246058 -3.421275 5.379934
2026-09-19T13:40:00.000 -4334.641802 -3845.380637 3548.510652 5.760633 -2.348820 4.471487
2026-09-19T13:44:00.000 -2811.309395 -4262.460076 4479.229373 6.856308 -1.105658 3.237070
2026-09-19T13:48:00.000 -1083.596149 -4369.659041 5083.383107 7.453445 0.217773 1.766758
2026-09-19T13:52:00.000 722.887412 -4159.192174 5316.932521 7.508730 1.525456 0.167533
2026-09-19T13:56:00.000 2476.798086 -3646.303591 5162.776233 7.017943 2.722622 -1.444436
2026-09-19T14:00:00.000 4050.519194 -2868.167614 4631.984135 6.016188 3.722353 -2.951924
2026-09-19T14:04:00.000 5329.377629 -1881.256516 3763.060778 4.575653 4.451720 -4.244889
2026-09-19T14:08:00.000 6220.027958 -757.319552 2619.255734 2.800891 4.857163 -5.228454
2026-09-19T14:12:00.000 6657.400795 421.802266 1284.034495 0.821573 4.908732 -5.830145
2026-09-19T14:16:00.000 6609.629522 1570.189652 -145.032345 -1.217041 4.602659 -6.005704
2026-09-19T14:20:00.000 6080.474228 2604.230748 -1563.525656 -3.165267 3.961824 -5.742705
2026-09-19T14:24:00.000 5108.979318 3448.841047 -2867.983432 -4.880675 3.033908 -5.061456
2026-09-19T14:28:00.000 3766.398333 4042.978054 -3963.576860 -6.238966 1.887430 -4.013042
2026-09-19T14:32:00.000 2150.718037 4344.002019 -4771.009132 -7.142950 0.606209 -2.674901
2026-09-19T14:36:00.000 379.331511 4330.589255 -5232.121773 -7.528933 -0.717040 -1.144610
2026-09-19T14:40:00.000 -1419.496942 4004.071671 -5313.874853 -7.370413 -1.987328 0.467339
2026-09-19T14:44:00.000 -3115.748758 3388.206661 -5010.534876 -6.679287 -3.113802 2.045171
2026-09-19T14:48:00.000 -4586.789918 2527.456522 -4344.016319 -5.504858 -4.015730 3.475543
2026-09-19T14:52:00.000 -5726.021777 1483.893032 -3362.382138 -3.930762 -4.627952 4.655145
2026-09-19T14:56:00.000 -6450.536830 332.878503 -2136.553790 -2.069730 -4.905577 5.497964
2026-09-19T15:00:00.000 -6707.248632 -842.258125 -755.359283 -0.056111 -4.827588 5.941776
2026-09-19T15:04:00.000 -6476.973225 -1956.227866 680.820138 1.963654 -4.398847 5.953212
2026-09-19T15:08:00.000 -5776.036723 -2928.036223 2067.377902 3.841976 -3.650100 5.530712
2026-09-19T15:12:00.000 -4655.188611 -3686.975761 3303.210100 5.441436 -2.635790 4.704855
2026-09-19T15:16:00.000 -3195.877599 -4177.847291 4298.195513 6.645247 -1.429867 3.535975
2026-09-19T15:20:00.000 -1504.223379 -4364.984786 4979.809796 7.365840 -0.120115 2.109415
2026-09-19T15:24:00.000 296.779516 -4234.800567 5298.376145 7.550946 1.198391 0.529034
2026-09-19T15:28:00.000 2076.195323 -3796.718209 5230.617039 7.186996 2.430099 -1.090350
2026-09-19T15:32:00.000 3704.583323 -3082.480956 4781.321106 6.299943 3.485646 -2.631032
2026-09-19T15:36:00.000 5063.332197 -2143.902836 3983.046641 4.953603 4.288134 -3.980665
2026-09-19T15:40:00.000 6053.301980 -1049.189284 2893.861398 3.245531 4.778730 -5.040330
2026-09-19T15:44:00.000 6602.172121 121.972376 1593.206947 1.300354 4.921240 -5.731995
2026-09-19T15:48:00.000 6669.898444 1284.246868 176.109019 -0.739276 4.705147 -6.004714
2026-09-19T15:52:00.000 6251.762380 2352.981440 -1253.870652 -2.723554 4.146638 -5.838788
2026-09-19T15:56:00.000 5378.688458 3250.509168 -2592.375330 -4.507206 3.287334 -5.247305
2026-09-19T16:00:00.000 4114.791006 3911.877900 -3742.017424 -5.960680 2.190825 -4.274799
2026-09-19T16:04:00.000 2552.417340 4289.527301 -4619.501244 -6.979642 0.937476 -2.993329
2026-09-19T16:08:00.000 805.196952 4356.580006 -5161.553007 -7.492017 -0.381805 -1.496585
2026-09-19T16:12:00.000 -1000.271192 4108.581524 -5329.283081 -7.462301 -1.672167 0.107158
2026-09-19T16:16:00.000 -2733.456492 3563.665080 -5110.780857 -6.893333 -2.841280 1.702630
2026-09-19T16:20:00.000 -4269.083809 2761.205115 -4521.868578 -5.825814 -3.805441 3.175281
2026-09-19T16:24:00.000 -5495.951960 1759.065565 -3605.009202 -4.335723 -4.495159 4.418917
2026-09-19T16:28:00.000 -6324.878879 629.581634 -2426.407426 -2.529602 -4.860077 5.343074
2026-09-19T16:32:00.000 -6695.246425 -545.527782 -1071.410541 -0.537594 -4.872898 5.879728
2026-09-19T16:36:00.000 -6579.612643 -1681.022929 361.563947 1.495647 -4.531842 5.988745
2026-09-19T16:40:00.000 -5985.932725 -2694.372598 1768.184668 3.421668 -3.861174 5.661357
2026-09-19T16:44:00.000 -4957.111598 -3511.852941 3045.900366 5.099555 -2.909571 4.921097
2026-09-19T16:48:00.000 -3567.877586 -4073.998663 4101.531291 6.406718 -1.746407 3.822011
2026-09-19T16:52:00.000 -1919.250624 -4339.955053 4858.124497 7.247988 -0.456397 2.444383
2026-09-19T16:56:00.000 -131.103299 -4290.410586 5260.542947 7.562322 0.866762 0.888574
2026-09-19T17:00:00.000 1666.567594 -3928.942111 5279.416354 7.326836 2.127165 -0.732352
2026-09-19T17:04:00.000 3343.020209 -3281.733841 4913.237745 6.558227 3.233419 -2.300620
2026-09-19T17:08:00.000 4776.186086 -2395.719049 4188.506996 5.311696 4.105028 -3.701981
2026-09-19T17:12:00.000 5861.536375 -1335.254610 3157.904194 3.677413 4.678194 -4.833846
2026-09-19T17:16:00.000 6519.796585 -177.506393 1896.558229 1.774445 4.910691 -5.612937
2026-09-19T17:20:00.000 6702.905623 993.178211 496.597953 -0.257775 4.785337 -5.981829
2026-09-19T17:24:00.000 6397.673085 2091.512547 -939.659196 -2.269978 4.311566 -5.913630
2026-09-19T17:28:00.000 5626.755320 3037.622628 -2307.349790 -4.114675 3.524739 -5.414136
2026-09-19T17:32:00.000 4446.839705 3762.959482 -3506.883182 -5.657582 2.483203 -4.521137
2026-09-19T17:36:00.000 2944.236011 4215.270011 -4451.260553 -6.787615 1.263482 -3.301011
2026-09-19T17:40:00.000 1228.337523 4362.253601 -5072.310005 -7.424547 -0.045744 -1.843217
2026-09-19T17:44:00.000 -576.433198 4193.698817 -5325.421181 -7.523961 -1.350175 -0.253428
2026-09-19T17:48:00.000 -2339.550327 3722.045528 -5192.543750 -7.079604 -2.556414 1.353973
2026-09-19T17:52:00.000 -3933.590781 2981.418117 -4683.353432 -6.123413 -3.578150 2.863605
2026-09-19T17:56:00.000 -5243.191927 2025.225866 -3834.569083 -4.723433 -4.341896 4.166760
2026-09-19T18:00:00.000 -6173.256818 922.457966 -2707.449797 -2.979617 -4.792094 5.168857
2026-09-19T18:04:00.000 -6655.884662 -247.148955 -1383.559619 -1.017385 -4.895343 5.796346
2026-09-19T18:08:00.000 -6655.489119 -1398.803987 41.004623 1.021002 -4.643266 6.002503
2026-09-19T18:12:00.000 -6171.618145 -2448.834761 1462.570800 2.986858 -4.053566 5.771397
2026-09-19T18:16:00.000 -5239.146185 -3320.859588 2777.519332 4.736381 -3.168936 5.119429
2026-09-19T18:20:00.000 -3925.761691 -3951.439413 3889.954159 6.141677 -2.053839 4.094140
2026-09-19T18:24:00.000 -2326.960217 -4294.735402 4718.772630 7.100344 -0.789531 2.770449
2026-09-19T18:28:00.000 -558.997630 -4325.816587 5203.574596 7.542784 0.532104 1.244851
2026-09-19T18:32:00.000 1249.597033 -4042.413088 5309.001748 7.436865 1.815241 -0.371742
2026-09-19T18:36:00.000 2967.309032 -3465.047290 5027.259079 6.789957 2.966876 -1.961895
2026-09-19T18:40:00.000 4469.107100 -2635.572186 4378.697513 5.648434 3.903301 -3.409861
2026-09-19T18:44:00.000 5645.500415 -1614.210697 3410.423856 4.094733 4.556078 -4.609765
2026-09-19T18:48:00.000 6410.586577 -475.253303 2192.982701 2.241869 4.877188 -5.473411
2026-09-19T18:52:00.000 6708.482830 698.337888 815.265956 0.225462 4.842904 -5.937131
2026-09-19T18:56:00.000 6517.571034 1821.051355 -622.035137 -1.806407 4.455882 -5.966945
2026-09-19T19:00:00.000 5852.126999 2811.191945 -2013.941214 -3.704673 3.745056 -5.561329
2026-09-19T19:04:00.000 4761.154206 3596.944334 -3259.024137 -5.330876 2.763239 -4.751149
2026-09-19T19:08:00.000 3324.549819 4121.612925 -4266.892996 -6.567605 1.582745 -3.596833
2026-09-19T19:12:00.000 1647.012587 4347.629097 -4964.713585 -7.326751 0.289612 -2.183258
2026-09-19T19:16:00.000 -149.716468 4259.079196 -5302.303895 -7.555107 -1.022834 -0.613128
2026-09-19T19:20:00.000 -1935.634681 3862.665006 -5255.531742 -7.237317 -2.260529 1.000449
2026-09-19T19:24:00.000 -3581.672658 3187.121555 -4827.892359 -6.396425 -3.334941 2.541642
2026-09-19T19:28:00.000 -4968.762735 2281.177151 -4050.236116 -5.092297 -4.168924 3.899597
2026-09-19T19:32:00.000 -5996.275122 1210.172900 -2978.665844 -3.417920 -4.702009 4.975961
2026-09-19T19:36:00.000 -6589.304428 51.502397 -1690.674880 -1.493502 -4.894885 5.691950
2026-09-19T19:40:00.000 -6704.267594 -1110.887529 -279.692470 0.541678 -4.732666 5.994446
2026-09-19T19:44:00.000 -6332.305160 -2192.582636 1151.649143 2.539336 -4.226438 5.860437
2026-09-19T19:48:00.000 -5500.109700 -3114.913739 2499.045005 4.353394 -3.412721 5.299129
2026-09-19T19:52:00.000 -4268.039705 -3810.778873 3664.235654 5.851188 -2.350770 4.351373
2026-09-19T19:56:00.000 -2725.663557 -4229.582800 4562.263596 6.923485 -1.117993 3.086431
2026-09-19T20:00:00.000 -985.138877 -4340.905112 5127.682045 7.492383 0.195959 1.596574
2026-09-19T20:04:00.000 826.997115 -4136.655400 5319.270548 7.516608 1.495783 -0.009828
2026-09-19T20:08:00.000 2578.988413 -3631.616921 5122.975475 6.994160 2.687282 -1.616091
2026-09-19T20:12:00.000 4143.346631 -2862.386502 4552.930025 5.962412 3.683933 -3.105377
2026-09-19T20:16:00.000 5406.065273 -1884.788122 3650.502793 4.495747 4.413004 -4.368915
2026-09-19T20:20:00.000 6274.967186 -769.898330 2481.400453 2.700675 4.820943 -5.313934
2026-09-19T20:24:00.000 6686.576692 401.095008 1130.951187 0.708426 4.877629 -5.870781
2026-09-19T20:28:00.000 6610.929028 1542.864450 -302.155198 -1.334755 4.578956 -5.998532
2026-09-19T20:32:00.000 6053.843743 2572.288085 -1713.215159 -3.278869 3.947294 -5.688333
2026-09-19T20:36:00.000 5056.415790 3414.630753 -2999.337000 -4.981868 3.029666 -4.963989
2026-09-19T20:40:00.000 3691.779677 4009.026062 -4067.063020 -6.320466 1.893814 -3.879718
2026-09-19T20:44:00.000 2059.497681 4312.817020 -4839.150544 -7.198982 0.622735 -2.515486
2026-09-19T20:48:00.000 278.132000 4304.467719 -5260.014880 -7.555574 -0.691642 -0.970653
2026-09-19T20:52:00.000 -1523.356074 3984.921851 -5299.520315 -7.365803 -1.954998 0.643324
2026-09-19T20:56:00.000 -3214.759290 3377.409135 -4954.968018 -6.643722 -3.076964 2.210550
2026-09-19T21:00:00.000 -4673.775032 2525.771785 -4251.235397 -5.440795 -3.977092 3.618399
2026-09-19T21:04:00.000 -5794.643395 1491.418637 -3239.076997 -3.842706 -4.590298 4.765098
2026-09-19T21:08:00.000 -6495.759990 349.052451 -1991.643907 -1.963979 -4.871591 5.566933
2026-09-19T21:12:00.000 -6725.725798 -818.612990 -599.362206 0.059655 -4.799687 5.964616
2026-09-19T21:16:00.000 -6467.309755 -1926.822559 836.551433 2.080945 -4.379038 5.928158
2026-09-19T21:20:00.000 -5738.906434 -2894.999778 2211.491923 3.952161 -3.639839 5.459546
2026-09-19T21:24:00.000 -4593.285168 -3652.707620 3425.198605 5.536426 -2.635855 4.592775
2026-09-19T21:28:00.000 -3113.708149 -4144.844341 4389.168947 6.718111 -1.440282 3.391182
2026-09-19T21:32:00.000 -1407.768554 -4335.655234 5033.144743 7.411299 -0.140122 1.942471
2026-09-19T21:36:00.000 400.505548 -4211.281718 5310.190132 7.565711 1.170277 0.352078
2026-09-19T21:40:00.000 2179.649980 -3780.716375 5200.044018 7.169976 2.395959 -1.264467
2026-09-19T21:44:00.000 3800.234363 -3075.148194 4710.574956 6.252318 3.447986 -2.789644
2026-09-19T21:48:00.000 5144.200291 -2145.758586 3877.269421 4.878781 4.249687 -4.112184
2026-09-19T21:52:00.000 6113.474393 -1060.088435 2760.761312 3.148947 4.742271 -5.135094
2026-09-19T21:56:00.000 6637.249013 102.827269 1442.502819 1.189104 4.889402 -5.783023
2026-09-19T22:00:00.000 6677.330396 1258.251877 18.815332 -0.856970 4.680257 -6.008266
2026-09-19T22:04:00.000 6231.043224 2322.037570 -1406.264448 -2.839003 4.130550 -5.794672
2026-09-19T22:08:00.000 5331.382940 3216.890196 -2728.762020 -4.611957 3.281276 -5.158870
2026-09-19T22:12:00.000 4044.398284 3878.064582 -3852.491297 -6.047166 2.195277 -4.148635
2026-09-19T22:16:00.000 2464.091592 4258.018823 -4696.072370 -7.041714 0.952108 -2.838702
2026-09-19T22:20:00.000 705.358796 4329.699870 -5198.706441 -7.525321 -0.358116 -1.324723
2026-09-19T22:24:00.000 -1104.396461 4088.298222 -5324.352987 -7.464513 -1.641233 0.283877
2026-09-19T22:28:00.000 -2834.342691 3551.446071 -5064.125979 -6.864281 -2.805433 1.871521
2026-09-19T22:32:00.000 -4359.424399 2757.916239 -4436.845446 -5.767497 -3.767328 3.324188
2026-09-19T22:36:00.000 -5569.173314 1764.919973 -3487.744641 -4.252225 -4.457537 4.537045
2026-09-19T22:40:00.000 -6375.617641 644.135748 -2285.377547 -2.426874 -4.825633 5.421764
2026-09-19T22:44:00.000 -6719.755160 -523.336597 -916.843991 -0.423075 -4.844080 5.913133
2026-09-19T22:48:00.000 -6576.054645 -1652.801695 518.424106 1.613574 -4.510713 5.974321
2026-09-19T22:52:00.000 -5954.532331 -2662.163871 1915.907431 3.534326 -3.849279 5.600097
2026-09-19T22:56:00.000 -4900.141418 -3477.994249 3173.714147 5.198667 -2.907806 4.817468
2026-09-19T23:00:00.000 -3489.484530 -4040.955557 4200.120325 6.485041 -1.754930 3.683596
2026-09-19T23:04:00.000 -1825.141578 -4310.138487 4920.309622 7.299838 -0.474595 2.281288
2026-09-19T23:08:00.000 -28.122919 -4265.994665 5281.797993 7.583951 0.840236 0.712664
2026-09-19T23:12:00.000 1770.931730 -3911.700390 5258.189669 7.316663 2.094278 -0.908300
2026-09-19T23:16:00.000 3441.172652 -3272.909826 4851.063520 6.516940 3.196589 -2.463817
2026-09-19T23:20:00.000 4860.968837 -2395.940409 4089.901310 5.242238 4.066937 -3.840516
2026-09-19T23:24:00.000 5926.752784 -1344.493742 3030.048723 3.584815 4.641591 -4.937554
2026-09-19T23:28:00.000 6560.676577 -195.085402 1748.785333 1.665494 4.878217 -5.674180
2026-09-19T23:32:00.000 6716.470925 968.541138 339.706939 -0.375032 4.759357 -5.996106
2026-09-19T23:36:00.000 6382.964389 2061.617315 -1094.205162 -2.386879 4.294006 -5.879946
2026-09-19T23:40:00.000 5584.896738 3004.663345 -2448.279619 -4.222638 3.516933 -5.335071
2026-09-19T23:44:00.000 4380.936575 3729.366300 -3623.952244 -5.748782 2.485765 -4.402601
2026-09-19T23:48:00.000 2859.123377 4183.525960 -4535.993730 -6.855545 1.276232 -3.151737
2026-09-19T23:52:00.000 1130.211217 4334.702187 -5118.599028 -7.464429 -0.023780 -1.674069
2026-09-19T23:56:00.000 -680.466425 4172.362222 -5329.941831 -7.533015 -1.320681 -0.076606
2026-09-20T00:00:00.000 -2441.970936 3708.472590 -5154.976239 -7.057186 -2.521619 1.525772
2026-09-20T00:04:00.000 -4026.986369 2976.575802 -4606.400671 -6.071058 -3.540639 3.018031
2026-09-20T00:08:00.000 -5320.775147 2029.439924 -3723.773419 -4.644796 -4.304394 4.292638
2026-09-20T00:12:00.000 -6229.354066 935.401345 -2570.813840 -2.880280 -4.757286 5.256985
2026-09-20T00:16:00.000 -6686.361218 -226.425151 -1230.986034 -0.904518 -4.865701 5.840199
2026-09-20T00:20:00.000 -6658.071734 -1371.802268 198.424057 1.139152 -4.620907 5.998769
2026-09-20T00:24:00.000 -6146.079286 -2417.509106 1613.367818 3.101604 -4.040115 5.720276
2026-09-20T00:28:00.000 -5187.327353 -3287.481795 2910.698545 4.839284 -3.165397 5.024637
2026-09-20T00:32:00.000 -3851.433015 -3918.438343 3995.807191 6.225207 -2.060503 3.962614
2026-09-20T00:36:00.000 -2235.533523 -4264.518410 4789.589831 7.158432 -0.805925 2.611798
2026-09-20T00:40:00.000 -457.123760 -4300.587981 5234.201560 7.571228 0.507188 1.070626
2026-09-20T00:44:00.000 1354.511220 -4024.007510 5297.206166 7.433599 1.783652 -0.548885
2026-09-20T00:48:00.000 3067.630623 -3454.794442 4973.889696 6.755175 2.930943 -2.129086
2026-09-20T00:52:00.000 4557.523765 -2634.203790 4287.628130 5.584603 3.865646 -3.554910
2026-09-20T00:56:00.000 5715.552785 -1621.813580 3288.283489 4.006461 4.519424 -4.722044
2026-09-20T01:00:00.000 6457.150446 -491.267204 2048.682764 2.135612 4.844175 -5.544653
2026-09-20T01:04:00.000 6728.160293 675.081057 659.350257 0.109058 4.815929 -5.962092
2026-09-20T01:08:00.000 6508.950884 1792.249226 -778.172526 -1.924354 4.436936 -5.943833
2026-09-20T01:12:00.000 5815.885933 2778.955843 -2158.906882 -3.815486 3.735571 -5.491937
2026-09-20T01:16:00.000 4699.989968 3563.648834 -3382.271323 -5.426498 2.763957 -4.640685
2026-09-20T01:20:00.000 3242.959283 4089.718570 -4359.490738 -6.641189 1.593631 -3.453459
2026-09-20T01:24:00.000 1550.944400 4319.492511 -5019.980512 -7.373106 0.309840 -2.017436
2026-09-20T01:28:00.000 -253.298259 4236.769661 -5316.267759 -7.571000 -0.994814 -0.436837
2026-09-20T01:32:00.000 -2039.241863 3847.807111 -5227.194514 -7.221631 -2.226844 1.174544
2026-09-20T01:36:00.000 -3677.811133 3180.779007 -4759.293628 -6.350230 -3.298104 2.701032
2026-09-20T01:40:00.000 -5050.453887 2283.785153 -3946.314360 -5.018805 -4.131626 4.032772
2026-09-20T01:44:00.000 -6057.554246 1221.518881 -2846.921844 -3.322330 -4.666926 5.073210
2026-09-20T01:48:00.000 -6625.663539 70.750214 -1540.649567 -1.382689 -4.864511 5.746094
2026-09-20T01:52:00.000 -6713.004098 -1085.135646 -122.285645 0.659637 -4.709164 6.001420
2026-09-20T01:56:00.000 -6312.739032 -2162.190382 1304.974346 2.655775 -4.211506 5.819648
2026-09-20T02:00:00.000 -5453.642879 -3082.083810 2637.109850 4.459745 -3.407468 5.213528
2026-09-20T02:04:00.000 -4198.050259 -3777.898499 3776.974331 5.939657 -2.355611 4.227221
2026-09-20T02:08:00.000 -2637.247786 -4199.049673 4641.463254 6.987635 -1.132594 2.932804
2026-09-20T02:12:00.000 -884.729973 -4314.947270 5167.577765 7.527571 0.172670 1.424667
2026-09-20T02:16:00.000 932.098594 -4117.162410 5316.956694 7.520284 1.465533 -0.187525
2026-09-20T02:20:00.000 2681.138005 -3619.999344 5078.611967 6.966025 2.652308 -1.786671
2026-09-20T02:24:00.000 4235.102507 -2859.475820 4469.734398 5.904450 3.646793 -3.256416
2026-09-20T02:28:00.000 5480.727442 -1890.782376 3534.527351 4.412127 4.376385 -4.489358
2026-09-20T02:32:00.000 6327.074744 -784.352780 2341.102856 2.597497 4.787486 -5.394921
2026-09-20T02:36:00.000 6712.322997 379.235551 976.580442 0.593289 4.849755 -5.906347
2026-09-20T02:40:00.000 6608.454032 1515.194583 -459.316709 -1.453337 4.558713 -5.986089
2026-09-20T02:44:00.000 6023.371656 2540.833720 -1861.693870 -3.392159 3.936204 -5.628883
2026-09-20T02:48:00.000 5000.224372 3381.706387 -3128.322154 -5.081603 3.028590 -4.862011
2026-09-20T02:52:00.000 3614.009551 3977.063775 -4167.198999 -6.399479 1.902860 -3.742772
2026-09-20T02:56:00.000 1965.828438 4284.179840 -4903.205235 -7.251682 0.641222 -2.353590
2026-09-20T03:00:00.000 175.361043 4281.265447 -5283.380597 -7.578279 -0.665129 -0.795525
2026-09-20T03:04:00.000 -1627.796574 3968.849077 -5280.523312 -7.356928 -1.922476 0.819092
2026-09-20T03:08:00.000 -3313.317969 3369.621765 -4894.977069 -6.603864 -3.040871 2.374337
2026-09-20T03:12:00.000 -4759.304994 2526.811177 -4154.567826 -5.372717 -3.940077 3.758393
2026-09-20T03:16:00.000 -5860.908907 1501.184520 -3112.705307 -3.751204 -4.555028 4.871118
2026-09-20T03:20:00.000 -6537.895134 366.820274 -1844.713011 -1.855613 -4.840575 5.631174
2026-09-20T03:24:00.000 -6740.607476 -794.136293 -442.540049 0.177007 -4.775129 5.982278
2026-09-20T03:28:00.000 -6453.806597 -1897.409060 991.849180 2.198672 -4.362705 5.897858
2026-09-20T03:32:00.000 -5697.974029 -2862.780132 2353.944391 4.061600 -3.632934 5.383456
2026-09-20T03:36:00.000 -4527.895594 -3620.022892 3544.419169 5.629545 -2.638914 4.476456
2026-09-20T03:40:00.000 -3028.622658 -4114.076813 4476.470785 6.788124 -1.453105 3.243143
2026-09-20T03:44:00.000 -1309.179392 -4309.050361 5082.172385 7.453135 -0.161773 1.773507
2026-09-20T03:48:00.000 505.429501 -4190.777852 5317.374299 7.576344 1.141403 0.174471
2026-09-20T03:52:00.000 2283.278724 -3767.799523 5164.854822 7.148608 2.361999 -1.437819
2026-09-20T03:56:00.000 3895.021825 -3070.745199 4635.562004 6.200446 3.411431 -2.946126
2026-09-20T04:00:00.000 5223.228761 -2150.175361 3767.886411 4.800123 4.213189 -4.240356
2026-09-20T04:04:00.000 6170.964940 -1072.993482 2624.981118 3.049224 4.708460 -5.225538
2026-09-20T04:08:00.000 6668.998762 82.377331 1290.241528 1.075649 4.860721 -5.829073
2026-09-20T04:12:00.000 6681.035331 1231.748220 -138.798550 -0.975771 4.658804 -6.006553
2026-09-20T04:16:00.000 6206.471754 2291.418534 -1557.719806 -2.954384 4.117928 -5.745397
2026-09-20T04:20:00.000 5280.381927 3184.406176 -2863.023429 -4.715479 3.278461 -5.065764
2026-09-20T04:24:00.000 3970.735072 3846.113599 -3959.811439 -6.131362 2.202511 -4.018622
2026-09-20T04:28:00.000 2373.155474 4228.963812 -4768.692834 -7.100609 0.968855 -2.681320
2026-09-20T04:32:00.000 603.756858 4305.684601 -5231.398913 -7.554789 -0.333135 -1.151388
2026-09-20T04:36:00.000 -1209.312787 4071.081442 -5314.772785 -7.462502 -1.609921 0.460691
2026-09-20T04:40:00.000 -2934.989403 3542.271193 -5012.965777 -6.830916 -2.770148 2.039118
2026-09-20T04:44:00.000 -4448.509794 2757.427332 -4347.786271 -5.705081 -3.730673 3.470500
2026-09-20T04:48:00.000 -5640.211526 1773.126744 -3367.206216 -4.165142 -4.422164 4.651453
2026-09-20T04:52:00.000 -6423.401390 660.423927 -2142.076048 -2.321341 -4.794062 5.495871
2026-09-20T04:56:00.000 -6740.751269 -500.155641 -761.176626 -0.306744 -4.818553 5.941424
2026-09-20T05:00:00.000 -6568.683311 -1624.407407 675.131239 1.732180 -4.493058 5.954628
2026-09-20T05:04:00.000 -5919.297714 -2630.612335 2062.233117 3.646480 -3.840787 5.533805
2026-09-20T05:08:00.000 -4839.597116 -3445.576258 3298.988875 5.296130 -2.909127 4.709414
2026-09-20T05:12:00.000 -3408.038266 -4010.032570 4295.214384 6.560697 -1.765995 3.541688
2026-09-20T05:16:00.000 -1728.721984 -4282.967260 4978.299136 7.348203 -0.494602 2.115882
2026-09-20T05:20:00.000 76.257909 -4244.556235 5298.462075 7.601527 0.812768 0.535791
2026-09-20T05:24:00.000 1875.684296 -3897.550747 5232.310021 7.302159 2.061383 -1.083798
2026-09-20T05:28:00.000 3538.672234 -3267.066670 4784.512521 6.471359 3.160688 -2.625176
2026-09-20T05:32:00.000 4944.103630 -2398.814067 3987.514357 5.168835 4.030639 -3.975954
2026-09-20T05:36:00.000 5989.445642 -1355.863533 2899.284761 3.488912 4.607515 -5.037129
2026-09-20T05:40:00.000 6598.342446 -214.118437 1599.190748 1.554129 4.848820 -5.730555
2026-09-20T05:44:00.000 6726.368475 943.232563 182.214761 -0.493633 4.736780 -6.005142
2026-09-20T05:48:00.000 6364.404716 2031.882247 -1248.089124 -2.503955 4.279929 -5.841041
2026-09-20T05:52:00.000 5539.286449 2972.684528 -2587.335649 -4.329604 3.512436 -5.251191
2026-09-20T05:56:00.000 4311.653864 3697.502505 -3738.075928 -5.837897 2.491220 -4.280004
2026-09-20T06:00:00.000 2771.246714 4154.133787 -4616.926839 -6.920461 1.291245 -2.999444
2026-09-20T06:04:00.000 1030.134043 4309.952899 -5160.509637 -7.500589 -0.000350 -1.503150
2026-09-20T06:08:00.000 -785.498044 4154.072805 -5329.821347 -7.537901 -1.290622 0.100621
2026-09-20T06:12:00.000 -2544.365148 3697.969130 -5112.838191 -7.030446 -2.487203 1.696582
2026-09-20T06:16:00.000 -4119.330538 2974.601484 -4525.276800 -6.014534 -3.504417 3.170136
2026-09-20T06:20:00.000 -5396.354922 2036.111982 -3609.508170 -4.562443 -4.268998 4.415023
2026-09-20T06:24:00.000 -6282.638521 950.214336 -2431.663614 -2.777957 -4.725245 5.340693
2026-09-20T06:28:00.000 -6713.419045 -204.555890 -1077.039542 -0.789621 -4.839289 5.879020
2026-09-20T06:32:00.000 -6656.879352 -1344.462852 355.971980 1.258222 -4.602009 5.989760
2026-09-20T06:36:00.000 -6116.686094 -2386.678911 1763.037803 3.216089 -4.030103 5.664030
2026-09-20T06:40:00.000 -5131.857496 -3255.397653 3041.577284 4.940767 -3.165028 4.925250
2026-09-20T06:44:00.000 -3773.923343 -3887.435834 4098.354912 6.306267 -2.069834 3.827359
2026-09-20T06:48:00.000 -2141.627106 -4236.859698 4856.338534 7.213183 -0.824288 2.450554
2026-09-20T06:52:00.000 -353.651152 -4278.290770 5260.293094 7.595713 0.481149 0.895127
2026-09-20T06:56:00.000 1460.027033 -4008.692267 5280.737619 7.426033 1.751869 -0.725893
2026-09-20T07:00:00.000 3167.512142 -3447.565133 4916.049284 6.716063 2.895758 -2.294739
2026-09-20T07:04:00.000 4644.489338 -2635.571590 4192.615514 5.516728 3.829624 -3.697125
2026-09-20T07:08:00.000 5783.247918 -1631.666064 3163.016508 3.914729 4.485167 -4.830392
2026-09-20T07:12:00.000 6500.623419 -508.880466 1902.302804 2.026739 4.814151 -5.611157
2026-09-20T07:16:00.000 6744.240878 650.991512 502.554042 -0.008922 4.792317 -5.981858
2026-09-20T07:20:00.000 6496.493172 1763.441850 -933.927414 -2.042721 4.421482 -5.915456
2026-09-20T07:24:00.000 5775.848554 2747.542643 -2302.257686 -3.925540 3.729453 -5.417603
2026-09-20T07:28:00.000 4635.347354 3531.944568 -3502.792679 -5.520248 2.767671 -4.525960
2026-09-20T07:32:00.000 3158.459366 4060.067548 -4448.453051 -6.711932 1.606921 -3.306810
2026-09-20T07:36:00.000 1452.744071 4294.087122 -5070.967448 -7.415863 0.331703 -1.849549
2026-09-20T07:40:00.000 -358.082805 4217.479173 -5325.616086 -7.582791 -0.966047 -0.259830
2026-09-20T07:44:00.000 -2143.035817 3836.035311 -5194.237797 -7.201631 -2.193352 1.347955
2026-09-20T07:48:00.000 -3773.105153 3177.364453 -4686.403528 -6.299809 -3.262384 2.858387
2026-09-20T07:52:00.000 -5130.327443 2288.950030 -3838.739594 -4.941479 -4.096285 4.162694
2026-09-20T07:56:00.000 -6116.171546 1234.864988 -2712.429762 -3.223582 -4.634497 5.166216
2026-09-20T08:00:00.000 -6658.708537 91.296218 -1388.983908 -1.269632 -4.837297 5.795306
2026-09-20T08:04:00.000 -6718.015811 -1058.882095 35.531138 0.778753 -4.689100 6.003136
2026-09-20T08:08:00.000 -6289.310536 -2132.130187 1457.447141 2.772195 -4.200042 5.773663
2026-09-20T08:12:00.000 -5403.459481 -3050.396561 2773.121640 4.564907 -3.405460 5.123178
2026-09-20T08:16:00.000 -4124.761824 -3746.889213 3886.609751 6.025858 -2.363238 4.099118
2026-09-20T08:20:00.000 -2546.190686 -4170.980286 4716.736518 7.048606 -1.149316 2.776310
2026-09-20T08:24:00.000 -782.528888 -4291.866238 5203.010104 7.558904 0.148082 1.251180
2026-09-20T08:28:00.000 1038.013097 -4100.749160 5309.966750 7.519706 1.434903 -0.365403
2026-09-20T08:32:00.000 2783.061720 -3611.439430 5029.699246 6.933540 2.617898 -1.956018
2026-09-20T08:36:00.000 4325.608729 -2859.377599 4382.447679 5.842358 3.611119 -3.404892
2026-09-20T08:40:00.000 5553.206147 -1899.139007 3415.218250 4.324903 4.342028 -4.606090
2026-09-20T08:44:00.000 6376.224443 -800.547655 2198.474062 2.491510 4.756919 -5.471317
2026-09-20T08:48:00.000 6734.554693 356.384245 821.052488 0.476351 4.825191 -5.936781
2026-09-20T08:52:00.000 6602.166950 1487.353778 -616.377262 -1.572581 4.541959 -5.968359
2026-09-20T08:56:00.000 5989.070432 2510.042061 -2008.823181 -3.504929 3.928528 -5.564382
2026-09-20T09:00:00.000 4940.466414 3350.230288 -3254.811467 -5.179685 3.030605 -4.755589
2026-09-20T09:04:00.000 3533.193458 3947.229621 -4263.877697 -6.475834 1.914445 -3.602305
2026-09-20T09:08:00.000 1869.852144 4258.194935 -4963.093932 -7.300919 0.661510 -2.189343
2026-09-20T09:12:00.000 71.186548 4261.045360 -5302.172932 -7.596962 -0.637685 -0.619373
2026-09-20T09:16:00.000 -1732.636456 3955.870210 -5256.874320 -7.343756 -1.889960 0.994488
2026-09-20T09:20:00.000 -3411.241703 3364.814161 -4830.589728 -6.559735 -3.005717 2.536378
2026-09-20T09:24:00.000 -4843.208774 2530.499260 -4054.076774 -5.300699 -3.904865 3.895387
2026-09-20T09:28:00.000 -5924.671817 1513.075638 -2983.361413 -3.656384 -4.522291 4.973086
2026-09-20T09:32:00.000 -6576.831155 386.035629 -1695.879963 -1.744798 -4.812639 5.690602
2026-09-20T09:36:00.000 -6751.826274 -768.995088 -285.027554 0.295751 -4.753978 5.994717
2026-09-20T09:40:00.000 -6436.445150 -1868.163003 1146.572717 2.316626 -4.349858 5.862310
2026-09-20T09:44:00.000 -5653.271071 -2831.548690 2494.599168 4.170085 -3.629342 5.302482
2026-09-20T09:48:00.000 -4459.099217 -3589.076222 3660.750214 5.720607 -2.644870 4.355978
2026-09-20T09:52:00.000 -2940.742310 -4085.671265 4560.002848 6.855129 -1.468197 3.091971
2026-09-20T09:56:00.000 -1208.610047 -4285.259369 5126.824979 7.491233 -0.184897 1.602661
2026-09-20T10:00:00.000 611.375431 -4173.334288 5319.896165 7.582777 1.111962 -0.003634
2026-09-20T10:04:00.000 2386.896525 -3757.965787 5125.054591 7.122883 2.328418 -1.610248
2026-09-20T10:08:00.000 3988.765001 -3069.223065 4556.324753 6.144372 3.376172 -3.100327
2026-09-20T10:12:00.000 5300.254438 -2157.060791 3654.974538 4.717729 4.178809 -4.365049
2026-09-20T10:16:00.000 6225.640045 -1087.775344 2486.626650 2.946509 4.677434 -5.311555
2026-09-20T10:20:00.000 6697.327314 60.778931 1136.550031 0.960171 4.835289 -5.870075
2026-09-20T10:24:00.000 6680.965664 1204.908124 -296.594017 -1.095475 4.640828 -5.999548
2026-09-20T10:28:00.000 6178.050242 2261.299828 -1708.096801 -3.069488 4.108760 -5.690980
2026-09-20T10:32:00.000 5225.737147 3153.223043 -2995.028633 -4.817573 3.278823 -4.968045
2026-09-20T10:36:00.000 3893.898511 3816.169215 -4063.865371 -6.213093 2.212412 -3.884856
2026-09-20T10:40:00.000 2279.744289 4202.474367 -4837.276519 -7.156186 0.987563 -2.521308
2026-09-20T10:44:00.000 500.554774 4284.606010 -5259.576608 -7.580327 -0.307041 -0.976723
2026-09-20T10:48:00.000 -1314.839911 4056.957532 -5300.524674 -7.456226 -1.578428 0.637443
2026-09-20T10:52:00.000 -3035.212592 3536.119457 -4957.319777 -6.793247 -2.735623 2.205267
2026-09-20T10:56:00.000 -4536.165379 2759.671596 -4254.746706 -5.638632 -3.695661 3.614073
2026-09-20T11:00:00.000 -5708.914094 1783.578092 -3243.481966 -4.074589 -4.389195 4.762018
2026-09-20T11:04:00.000 -6468.111000 678.305174 -1996.617190 -2.213163 -4.765483 5.565303
2026-09-20T11:08:00.000 -6758.157917 -476.148921 -604.540667 -0.188792 -4.796390 5.964545
2026-09-20T11:12:00.000 -6557.469879 -1596.015181 831.544908 1.851257 -4.478897 5.929653
2026-09-20T11:16:00.000 -5880.250335 -2599.891457 2207.023499 3.757920 -3.835666 5.462510
2026-09-20T11:20:00.000 -4775.548733 -3414.758109 3421.598752 5.391751 -2.913448 4.597008
2026-09-20T11:24:00.000 -3323.652176 -3981.362864 4386.709271 6.633524 -1.779471 3.396395
2026-09-20T11:28:00.000 -1630.140228 -4258.538801 5032.017940 7.392958 -0.516252 1.948299
2026-09-20T11:32:00.000 181.866578 -4226.149862 5310.494531 7.614975 0.784546 0.358104
2026-09-20T11:36:00.000 1980.640925 -3886.500902 5201.774118 7.283305 2.028681 -1.258686
2026-09-20T11:40:00.000 3635.336178 -3264.164693 4713.619159 6.421518 3.125908 -2.784544
2026-09-20T11:44:00.000 5025.422611 -2404.255847 3881.415907 5.091574 3.996309 -4.108158
2026-09-20T11:48:00.000 6049.474396 -1369.241463 2765.712460 3.389842 4.576110 -5.132459
2026-09-20T11:50:00.000 6399.652512 -809.253729 2126.321066 2.437514 4.742757 -5.507764
2026-09-20T11:51:00.000 6531.132534 -523.051776 1791.224286 1.943469 4.793660 -5.657873
2026-09-20T11:52:00.000 6632.691376 -234.453581 1447.897679 1.440526 4.822601 -5.781986
2026-09-20T11:53:00.000 6703.864633 55.218667 1097.918805 0.931007 4.829448 -5.879529
2026-09-20T11:54:00.000 6744.328266 344.637947 742.895879 0.417266 4.814173 -5.950056
2026-09-20T11:55:00.000 6753.900132 632.478627 384.460209 -0.098322 4.776851 -5.993245
2026-09-20T11:56:00.000 6732.540816 917.422697 24.258506 -0.613376 4.717659 -6.008903
2026-09-20T11:57:00.000 6680.353753 1198.165950 -336.054875 -1.125519 4.636881 -5.996967
2026-09-20T11:58:00.000 6597.584650 1473.424098 -694.825725 -1.632387 4.534897 -5.957507
2026-09-20T11:59:00.000 6484.620201 1741.938777 -1050.407762 -2.131645 4.412189 -5.890717
2026-09-20T12:00:00.000 6344.782478 2000.665661 -1398.404442 -2.616429 4.270209 -5.797225
2026-09-20T12:01:00.000 6173.417799 2252.110934 -1742.767003 -3.093536 4.108124 -5.677167
2026-09-20T12:02:00.000 5973.845324 2493.265783 -2079.144009 -3.556333 3.927331 -5.531144
2026-09-20T12:03:00.000 5746.987388 2723.032676 -2405.997721 -4.002707 3.728674 -5.359848
2026-09-20T12:04:00.000 5493.890802 2940.367202 -2721.835425 -4.430625 3.513080 -5.164087
2026-09-20T12:05:00.000 5215.721741 3144.282780 -3025.216262 -4.838143 3.281550 -4.944781
2026-09-20T12:06:00.000 4913.760102 3333.855083 -3314.757771 -5.223414 3.035156 -4.702955
2026-09-20T12:07:00.000 4589.393351 3508.226129 -3589.142114 -5.584702 2.775037 -4.439736
2026-09-20T12:08:00.000 4244.109917 3666.608045 -3847.121969 -5.920379 2.502389 -4.156348
2026-09-20T12:09:00.000 3879.492149 3808.286484 -4087.526055 -6.228941 2.218466 -3.854102
2026-09-20T12:10:00.000 3497.208907 3932.623685 -4309.264277 -6.509011 1.924567 -3.534390
2026-09-20T12:12:00.000 2686.707080 4127.122052 -4692.816726 -6.978825 1.312245 -2.848519
2026-09-20T12:16:00.000 934.875722 4289.017080 -5198.001967 -7.531084 0.028966 -1.336052
2026-09-20T12:20:00.000 -884.534670 4140.955683 -5326.474367 -7.538769 -1.255200 0.271794
2026-09-20T12:24:00.000 -2640.063440 3693.818125 -5069.151641 -7.001977 -2.448389 1.859554
2026-09-20T12:28:00.000 -4204.886244 2979.875846 -4444.636623 -5.959027 -3.465192 3.313266
2026-09-20T12:32:00.000 -5465.744430 2050.547172 -3497.938785 -4.484073 -4.232374 4.528092
2026-09-20T12:36:00.000 -6331.041620 972.841559 -2297.397841 -2.682524 -4.694045 5.415630
2026-09-20T12:40:00.000 -6737.565377 -175.340930 -929.926238 -0.684164 -4.815957 5.910518
2026-09-20T12:44:00.000 -6655.285434 -1310.788509 505.187083 1.365947 -4.588442 5.975705
2026-09-20T12:48:00.000 -6089.755599 -2351.049166 1903.505517 3.318216 -4.027512 5.605680
2026-09-20T12:52:00.000 -5081.831944 -3220.512695 3163.147524 5.029947 -3.173822 4.827131
2026-09-20T12:56:00.000 -3704.689441 -3855.990506 4192.320400 6.376225 -2.089554 3.696886
2026-09-20T13:00:00.000 -2058.404084 -4211.333546 4916.059820 7.259150 -0.853604 2.297429
2026-09-20T13:04:00.000 -262.591244 -4260.748065 5281.661110 7.614718 0.444347 0.730602
2026-09-20T13:08:00.000 1552.290675 -4000.611865 5262.447988 7.417055 1.710315 -0.889836
2026-09-20T13:12:00.000 3254.339955 -3449.717128 4859.677225 6.680067 2.852585 -2.446224
2026-09-20T13:16:00.000 4719.706063 -2647.951166 4102.489939 5.456597 3.788114 -3.825216
2026-09-20T13:20:00.000 5841.583070 -1653.487439 3045.899414 3.835078 4.448505 -4.925876
2026-09-20T13:24:00.000 6538.091183 -538.628041 1766.889866 1.933594 4.785199 -5.667237
2026-09-20T13:28:00.000 6758.426203 615.460370 358.826821 -0.108584 4.773408 -5.994686
2026-09-20T13:32:00.000 6486.714315 1724.748571 -1075.449859 -2.141532 4.414246 -5.884429
2026-09-20T13:36:00.000 5743.178528 2708.600518 -2431.305338 -4.016344 3.734670 -5.345378
2026-09-20T13:40:00.000 4582.495089 3495.742467 -3610.100871 -5.596654 2.785179 -4.418191
2026-09-20T13:44:00.000 3089.529737 4029.438426 -4526.425706 -6.768761 1.635586 -3.171649
2026-09-20T13:48:00.000 1372.907843 4271.480599 -5114.199549 -7.449450 0.369484 -1.696985
2026-09-20T13:52:00.000 -442.975397 4204.760258 -5331.246628 -7.591156 -0.921948 -0.100947
2026-09-20T13:56:00.000 -2226.869067 3834.329800 -5162.121056 -7.184545 -2.146255 1.501743
2026-09-20T14:00:00.000 -3849.917659 3186.965533 -4619.096936 -6.258780 -3.215859 2.996092
2026-09-20T14:04:00.000 -5194.719598 2309.292300 -3741.311899 -4.879660 -4.053872 4.274496
2026-09-20T14:08:00.000 -6163.680739 1264.564168 -2592.097603 -3.145587 -4.599439 5.244145
2026-09-20T14:12:00.000 -6686.126724 128.247580 -1254.593056 -1.181241 -4.812319 5.833844
2026-09-20T14:16:00.000 -6723.620477 -1017.355622 174.150356 0.871019 -4.676220 5.999653
2026-09-20T14:20:00.000 -6272.983048 -2089.089487 1590.204784 2.861581 -4.200419 5.728641
2026-09-20T14:24:00.000 -5366.675934 -3009.067029 2890.415027 4.644966 -3.419292 5.040167
2026-09-20T14:28:00.000 -4070.457896 -3710.422593 3980.028950 6.090952 -2.389711 3.984437
2026-09-20T14:32:00.000 -2478.518002 -4142.213453 4779.670609 7.094297 -1.186631 2.638531
2026-09-20T14:36:00.000 -706.530607 -4273.096614 5231.110134 7.582233 0.102595 1.100461
2026-09-20T14:40:00.000 1116.777493 -4093.547710 5301.438110 7.519346 1.384589 -0.518062
2026-09-20T14:44:00.000 2858.915933 -3616.519422 4985.410757 6.909846 2.566512 -2.099550
2026-09-20T14:48:00.000 4393.161193 -2876.530831 4305.854667 5.797335 3.562534 -3.528936
2026-09-20T14:52:00.000 5607.732179 -1927.243190 3312.103907 4.262074 4.299941 -4.701727
2026-09-20T14:56:00.000 6414.004445 -837.641721 2076.521653 2.415678 4.724582 -5.531734
2026-09-20T15:00:00.000 6753.140195 312.964416 689.273327 0.393236 4.805176 -5.957797
2026-09-20T15:04:00.000 6600.547395 1440.788569 -748.319373 -1.656800 4.535966 -5.948751
2026-09-20T15:08:00.000 5967.722327 2463.800814 -2131.335826 -3.584125 3.937245 -5.505958
2026-09-20T15:12:00.000 4901.281710 3307.816236 -3359.083016 -5.248264 3.053620 -4.662995
2026-09-20T15:16:00.000 3479.300549 3911.913655 -4342.512238 -6.529143 1.950239 -3.482607
2026-09-20T15:20:00.000 1805.354853 4232.759010 -5010.624155 -7.335519 0.707550 -2.051439
2026-09-20T15:24:00.000 0.850283 4247.558637 -5315.420713 -7.610797 -0.584766 -0.473326
2026-09-20T15:28:00.000 -1803.725802 3955.519471 -5235.144929 -7.336217 -1.834099 1.138163
2026-09-20T15:32:00.000 -3478.027162 3377.804361 -4775.696619 -6.531668 -2.951105 2.667412
2026-09-20T15:36:00.000 -4901.005540 2556.031700 -3970.199685 -5.254345 -3.855622 4.004442
2026-09-20T15:40:00.000 -5969.489130 1549.402746 -2876.744376 -3.595257 -4.482155 5.052401
2026-09-20T15:44:00.000 -6605.652972 430.584889 -1574.382292 -1.673461 -4.784705 5.734563
2026-09-20T15:48:00.000 -6762.826423 -719.439088 -157.552113 0.372007 -4.740478 6.000299
2026-09-20T15:52:00.000 -6429.113309 -1817.230756 1270.735223 2.392200 -4.351997 5.829329
2026-09-20T15:56:00.000 -5628.433830 -2783.025481 2606.458134 4.239514 -3.647192 5.233606
2026-09-20T16:00:00.000 -4418.834057 -3546.624546 3752.277197 5.778996 -2.677336 4.256501
2026-09-20T16:04:00.000 -2888.196749 -4052.554292 4624.712645 6.898506 -1.513063 2.969371
2026-09-20T16:08:00.000 -1147.748343 -4264.086882 5160.232035 7.516797 -0.238965 1.466015
2026-09-20T16:12:00.000 676.072517 -4165.853429 5319.817995 7.589041 1.052638 -0.144327
2026-09-20T16:16:00.000 2450.756114 -3764.916202 5091.748147 7.109736 2.268233 -1.744777
2026-09-20T16:20:00.000 4047.252212 -3090.269612 4492.451798 6.113068 3.319630 -3.218979
2026-09-20T16:24:00.000 5349.291578 -2190.808648 3565.398872 4.670803 4.130182 -4.459297
2026-09-20T16:28:00.000 6261.895926 -1131.864437 2378.053009 2.887611 4.640445 -5.374683
2026-09-20T16:32:00.000 6718.453935 9.508959 1017.024864 0.893792 4.812842 -5.897693
2026-09-20T16:36:00.000 6685.758697 1150.194477 -418.285725 -1.164362 4.634794 -5.989930
2026-09-20T16:40:00.000 6166.515414 2207.188732 -1823.090532 -3.135843 4.119825 -5.645187
2026-09-20T16:44:00.000 5199.056599 3103.773875 -3095.038351 -4.876697 3.306405 -4.889797
2026-09-20T16:48:00.000 3854.305626 3775.150064 -4141.784187 -6.260975 2.254674 -3.780186
2026-09-20T16:52:00.000 2230.326852 4173.071874 -4887.673391 -7.189749 1.041524 -2.398053
2026-09-20T16:56:00.000 445.010969 4269.173979 -5279.057862 -7.597579 -0.245297 -0.843919
2026-09-20T17:00:00.000 -1372.470610 4056.827106 -5287.944642 -7.456321 -1.513452 0.770207
2026-09-20T17:04:00.000 -3090.827638 3551.488123 -4913.836207 -6.776504 -2.672249 2.328492
2026-09-20T17:08:00.000 -4585.875381 2789.579942 -4183.722747 -5.606500 -3.638635 3.718982
2026-09-20T17:12:00.000 -5749.306428 1825.974319 -3150.240126 -4.029572 -4.342818 4.841156
2026-09-20T17:16:00.000 -6496.486307 730.189881 -1888.055762 -2.158669 -4.733303 5.613076
2026-09-20T17:20:00.000 -6772.720250 -418.510060 -488.632393 -0.128896 -4.780947 5.977654
2026-09-20T17:24:00.000 -6557.450041 -1536.825903 946.339347 1.912131 -4.481537 5.907360
2026-09-20T17:28:00.000 -5865.947003 -2543.523256 2312.382049 3.815359 -3.856429 5.406698
2026-09-20T17:32:00.000 -4748.282613 -3365.431067 3509.952034 5.441708 -2.951035 4.512021
2026-09-20T17:36:00.000 -3285.640935 -3942.830206 4451.790462 6.672614 -1.831309 3.288669
2026-09-20T17:40:00.000 -1584.311509 -4233.798769 5069.305892 7.418677 -0.578658 1.825850
2026-09-20T17:44:00.000 232.103071 -4217.208991 5317.521299 7.625825 0.716102 0.229921
2026-09-20T17:48:00.000 2031.643345 -3894.209886 5178.281692 7.278854 1.959239 -1.383284
2026-09-20T17:52:00.000 3683.487768 -3288.141667 4661.560402 6.402405 3.060634 -2.896560
2026-09-20T17:56:00.000 5067.384135 -2442.903327 3804.801341 5.059460 3.940104 -4.199544
2026-09-20T18:00:00.000 6082.418261 -1419.854499 2670.310523 3.347305 4.533244 -5.196704
2026-09-20T18:04:00.000 6654.500339 -293.409659 1340.804687 1.390870 4.796403 -5.814608
2026-09-20T18:08:00.000 6741.951987 854.406201 -86.633417 -0.666386 4.710268 -6.007796
2026-09-20T18:12:00.000 6338.664006 1940.041542 -1507.766032 -2.673453 4.281526 -5.762508
2026-09-20T18:16:00.000 5474.497565 2884.637458 -2818.988019 -4.483549 3.542306 -5.097703
2026-09-20T18:20:00.000 4212.893906 3619.842454 -3925.014719 -5.965388 2.547411 -4.063228
2026-09-20T18:24:00.000 2645.964793 4092.739414 -4745.819380 -7.012735 1.369782 -2.735490
2026-09-20T18:28:00.000 887.572528 4269.531314 -5222.297885 -7.551530 0.094806 -1.211307
2026-09-20T18:32:00.000 -934.976384 4137.788870 -5320.318992 -7.544323 -1.185885 0.399281
2026-09-20T18:36:00.000 -2689.998805 3707.196595 -5032.987344 -6.992222 -2.380672 1.980634
2026-09-20T18:40:00.000 -4250.695774 3008.817397 -4381.061535 -5.934594 -3.404008 3.419224
2026-09-20T18:44:00.000 -5504.086293 2092.938567 -3411.530913 -4.446639 -4.182156 4.611242
2026-09-20T18:48:00.000 -6359.095418 1025.597469 -2194.400050 -2.634740 -4.658413 5.469872
2026-09-20T18:52:00.000 -6753.248550 -116.051802 -817.805812 -0.629493 -4.797473 5.931818
2026-09-20T18:56:00.000 -6657.419797 -1249.267350 618.278327 1.423481 -4.588438 5.962435
2026-09-20T19:00:00.000 -6078.163673 -2291.759433 2009.331102 3.374356 -4.046000 5.558771
2026-09-20T19:04:00.000 -5057.351182 -3167.760239 3253.996849 5.080551 -3.209483 4.750005
2026-09-20T19:08:00.000 -3669.104350 -3813.611996 4261.578133 6.417592 -2.139817 3.595186
2026-09-20T19:12:00.000 -2014.307051 -4182.415132 4958.688303 7.288287 -0.914823 2.178574
2026-09-20T19:16:00.000 -213.188835 -4247.396351 5294.561740 7.629526 0.376639 0.603233
2026-09-20T19:20:00.000 1603.408818 -4003.796717 5244.680729 7.416455 1.641064 -1.016477
2026-09-20T19:24:00.000 3303.455402 -3469.200048 4812.528059 6.664072 2.786849 -2.562938
2026-09-20T19:28:00.000 4763.236814 -2682.304756 4029.383172 5.426330 3.730683 -3.923489
2026-09-20T19:32:00.000 5876.345894 -1700.202769 2952.157558 3.792726 4.403548 -4.998502
2026-09-20T19:36:00.000 6561.542638 -594.299533 1659.351738 1.882271 4.755975 -5.708870
2026-09-20T19:40:00.000 6768.859759 554.887672 245.346406 -0.165065 4.762039 -6.002271
2026-09-20T19:44:00.000 6483.391557 1663.686937 -1186.587154 -2.198974 4.421569 -5.857449
2026-09-20T19:48:00.000 5726.379483 2651.501728 -2532.000478 -4.070516 3.760174 -5.285889
2026-09-20T19:52:00.000 4553.484551 3446.774839 -3693.039449 -5.643633 2.827025 -4.330628
2026-09-20T19:56:00.000 3050.448615 3992.181006 -4585.607077 -6.805209 1.690729 -3.062449
2026-09-20T20:00:00.000 1326.606433 4248.657830 -5145.358681 -7.472820 0.433890 -1.574083
2026-09-20T20:04:00.000 -493.143878 4198.039166 -5332.144904 -7.599822 -0.852999 0.026805
2026-09-20T20:08:00.000 -2277.279903 3844.197210 -5132.694670 -7.177881 -2.077815 1.625175
2026-09-20T20:12:00.000 -3896.920816 3212.695379 -4561.459343 -6.237205 -3.152920 3.106331
2026-09-20T20:16:00.000 -5234.892046 2349.004124 -3659.610868 -4.844643 -4.001002 4.363561
2026-09-20T20:20:00.000 -6194.073261 1315.365621 -2492.231202 -3.099592 -4.560454 5.305522
2026-09-20T20:24:00.000 -6704.487693 186.447531 -1143.796012 -1.127586 -4.790021 5.862984
2026-09-20T20:28:00.000 -6728.574590 -955.980184 287.827009 0.928395 -4.672215 5.994351
2026-09-20T20:32:00.000 -6264.143668 -2028.991094 1698.484251 2.918436 -4.215004 5.689237
2026-09-20T20:36:00.000 -5344.676836 -2954.609029 2985.407862 4.697098 -3.451428 4.969529
2026-09-20T20:40:00.000 -4036.901724 -3665.564304 4054.816686 6.134540 -2.437087 3.887733
2026-09-20T20:44:00.000 -2435.850223 -4110.220796 4828.812011 7.126180 -1.245814 2.522822
2026-09-20T20:48:00.000 -657.855042 -4256.300327 5251.032992 7.600114 0.035918 0.974165
2026-09-20T20:52:00.000 1167.923969 -4093.169466 5290.692805 7.521929 1.315288 -0.645779
2026-09-20T20:56:00.000 2908.814430 -3632.581080 4944.773282 6.896920 2.499652 -2.219415
2026-09-20T21:00:00.000 4438.175090 -2907.854280 4238.274613 5.769798 3.502988 -3.632216
2026-09-20T21:04:00.000 5644.571523 -1971.539491 3222.498726 4.221905 4.252038 -4.780858
2026-09-20T21:08:00.000 6439.973210 -891.680504 1971.425687 2.365821 4.691792 -5.580895
2026-09-20T21:12:00.000 6766.344575 253.119659 576.361107 0.337388 4.789878 -5.973372
2026-09-20T21:16:00.000 6600.042453 1379.496578 -860.802163 -1.714485 4.539280 -5.929629
2026-09-20T21:20:00.000 5953.579976 2405.528849 -2235.187410 -3.639385 3.958949 -5.453611
2026-09-20T21:24:00.000 4874.574061 3256.816747 -3446.753352 -5.297081 3.092153 -4.581340
2026-09-20T21:28:00.000 3442.005232 3871.913227 -4407.652312 -6.568034 2.002804 -3.377665
2026-09-20T21:32:00.000 1760.198096 4206.682706 -5048.535471 -7.361758 0.770306 -1.930855
2026-09-20T21:36:00.000 -48.893541 4237.312233 -5323.377868 -7.622560 -0.516418 -0.345799
2026-09-20T21:40:00.000 -1854.462148 3961.848344 -5212.577439 -7.332671 -1.765168 1.263477
2026-09-20T21:44:00.000 -3526.085620 3400.240938 -4724.225067 -6.513020 -2.886627 2.781511
2026-09-20T21:48:00.000 -4942.891841 2592.934624 -3893.525957 -5.221855 -3.800281 4.099082
2026-09-20T21:52:00.000 -6002.134270 1598.082251 -2780.399280 -3.551196 -4.439952 5.120679
2026-09-20T21:56:00.000 -6626.643373 487.502118 -1465.339954 -1.620991 -4.758675 5.771434
2026-09-20T22:00:00.000 -6770.593876 -658.415188 -43.731131 0.429047 -4.732492 6.002994
2026-09-20T22:04:00.000 -6423.062672 -1756.527158 1381.050437 2.449595 -4.362637 5.797593
2026-09-20T22:08:00.000 -5608.992240 -2727.048414 2705.230242 4.293019 -3.675704 5.169740
2026-09-20T22:12:00.000 -4387.416232 -3499.442355 3832.311249 5.824680 -2.721672 4.165176
2026-09-20T22:16:00.000 -2847.092904 -4017.601086 4680.184231 6.933049 -1.570015 2.857262
2026-09-20T22:20:00.000 -1099.949795 -4243.909010 5187.108275 7.537707 -0.304387 1.341283
2026-09-20T22:24:00.000 727.092211 -4161.919686 5316.144561 7.594810 0.983523 -0.272626
2026-09-20T22:28:00.000 2501.288521 -3777.508344 5057.787663 7.099925 2.200477 -1.867332
2026-09-20T22:32:00.000 4093.616928 -3118.462546 4430.667614 6.088352 3.258175 -3.326869
2026-09-20T22:36:00.000 5388.101997 -2232.540901 3480.284180 4.632948 4.079497 -4.544631
2026-09-20T22:40:00.000 6290.311800 -1184.091401 2275.811866 2.839380 4.604205 -5.431187
2026-09-20T22:44:00.000 6734.399789 -49.407503 905.121724 0.838755 4.793675 -5.921209
2026-09-20T22:48:00.000 6688.085159 1088.879393 -531.677828 -1.222112 4.634097 -5.978753
2026-09-20T22:52:00.000 6155.084644 2147.942815 -1929.699433 -3.192029 4.137664 -5.600199
2026-09-20T22:56:00.000 5174.743094 3050.919114 -3187.107412 -4.927215 3.341504 -4.814378
2026-09-20T23:00:00.000 3818.916372 3732.547437 -4212.639566 -6.302206 2.304489 -3.679915
2026-09-20T23:04:00.000 2186.455159 4143.836484 -4932.199761 -7.218792 1.102419 -2.280253
2026-09-20T23:08:00.000 395.842750 4255.443298 -5294.052097 -7.612416 -0.177782 -0.717105
2026-09-20T23:12:00.000 -1423.380985 4059.602166 -5272.330875 -7.455913 -1.444265 0.896924
2026-09-20T23:16:00.000 -3139.799560 3570.561285 -4868.735703 -6.760845 -2.606450 2.446015
2026-09-20T23:20:00.000 -4629.353389 2823.554446 -4112.377535 -5.576638 -3.581012 3.818835
2026-09-20T23:24:00.000 -5784.111027 1872.371938 -3057.792764 -3.987582 -4.297541 4.916073
2026-09-20T23:28:00.000 -6520.049571 785.635657 -1781.192857 -2.107549 -4.703632 5.657541
2026-09-20T23:32:00.000 -6783.285944 -358.041750 -375.109054 -0.072371 -4.769014 5.988340
2026-09-20T23:36:00.000 -6554.215940 -1475.721974 1058.263814 1.969890 -4.488205 5.883423
2026-09-20T23:40:00.000 -5849.131360 -2486.218146 2414.554028 3.870077 -3.881228 5.349861
2026-09-20T23:44:00.000 -4719.106708 -3316.088256 3594.927947 5.489358 -2.992188 4.426439
2026-09-20T23:48:00.000 -3246.231754 -3905.039904 4513.384708 6.709723 -1.885841 3.180599
2026-09-20T23:52:00.000 -1537.538293 -4210.313688 5103.039657 7.442565 -0.642607 1.703167
2026-09-20T23:56:00.000 282.840554 -4209.739484 5320.942309 7.634772 0.647406 0.101535
2026-09-21T00:00:00.000 2082.658023 -3903.296224 5151.137727 7.272198 1.890816 -1.508056
2026-09-21T00:04:00.000 3731.066363 -3313.114618 4605.818888 6.380593 2.997478 -3.008644
2026-09-21T00:08:00.000 5108.053699 -2481.935595 3724.513703 5.024043 3.886812 -4.290753
2026-09-21T00:12:00.000 6113.203138 -1470.097175 2571.326097 3.300857 4.493683 -5.260339
2026-09-21T00:16:00.000 6673.149648 -351.201231 1230.348120 1.336819 4.773440 -5.845984
2026-09-21T00:20:00.000 6747.114787 793.274689 -200.494399 -0.724020 4.705570 -6.004621
2026-09-21T00:24:00.000 6329.991819 1880.023540 -1616.721636 -2.730395 4.295450 -5.725069
2026-09-21T00:28:00.000 5452.662935 2830.109772 -2915.105051 -4.535625 3.573859 -5.028826
2026-09-21T00:32:00.000 4179.526194 3574.786931 -4001.319479 -6.008847 2.594312 -3.968025
2026-09-21T00:36:00.000 2603.515721 4060.449985 -4796.798031 -7.044510 1.428613 -2.620933
2026-09-21T00:40:00.000 839.129990 4252.369272 -5244.280421 -7.569410 0.161261 -1.085693
2026-09-21T00:44:00.000 -985.908172 4137.007070 -5311.727247 -7.547063 -1.116678 0.526918
2026-09-21T00:48:00.000 -2739.739217 3722.847831 -4994.438587 -6.979604 -2.313777 2.101134
2026-09-21T00:52:00.000 -4295.638277 3039.754164 -4315.325661 -5.907456 -3.344300 3.523910
2026-09-21T00:56:00.000 -5540.950418 2136.902435 -3323.342778 -4.406853 -4.133963 4.692513
2026-09-21T01:00:00.000 -6385.166926 1079.388488 -2090.133038 -2.585130 -4.625208 5.521761
2026-09-21T01:04:00.000 -6766.588707 -56.340695 -705.021230 -0.573660 -4.781641 5.950461
2026-09-21T01:08:00.000 -6657.021471 -1187.968685 731.378877 1.481425 -4.591121 5.946400
2026-09-21T01:12:00.000 -6064.034727 -2233.321180 2114.509856 3.430123 -4.067012 5.509193
2026-09-21T01:16:00.000 -5030.514542 -3116.426891 3343.590549 5.130029 -3.247321 4.670506
2026-09-21T01:20:00.000 -3631.516196 -3773.117328 4329.063489 6.457165 -2.191753 3.491580
2026-09-21T01:24:00.000 -1968.705191 -4155.708294 4999.157063 7.315092 -0.977084 2.058418
2026-09-21T01:28:00.000 -162.888873 -4236.422842 5305.072322 7.641635 0.308593 0.475258
2026-09-21T01:32:00.000 1654.752051 -4009.353018 5224.466496 7.412983 1.572207 -1.142984
2026-09-21T01:36:00.000 3352.106720 -3490.874728 4763.052704 6.645240 2.722209 -2.678784
2026-09-21T01:40:00.000 4805.647441 -2718.510610 3954.240582 5.393468 3.674969 -4.020222
2026-09-21T01:44:00.000 5909.413974 -1748.295885 2856.819377 3.748211 4.360805 -5.069026
2026-09-21T01:48:00.000 6582.848776 -650.774021 1550.774099 1.829379 4.729299 -5.747993
2026-09-21T01:52:00.000 6776.855071 494.145098 131.459483 -0.222404 4.753366 -6.007123
2026-09-21T01:56:00.000 6477.516817 1603.100658 -1297.468955 -2.256500 4.431540 -5.827719
2026-09-21T02:00:00.000 5707.101593 2595.488554 -2631.798318 -4.123998 3.788083 -5.223835
2026-09-21T02:04:00.000 4522.248687 3399.423640 -3774.506095 -5.689202 2.870859 -4.240871
2026-09-21T02:08:00.000 3009.556461 3956.952765 -4642.850140 -6.839635 1.747300 -2.951581
2026-09-21T02:12:00.000 1279.038387 4228.128996 -5174.253890 -7.493703 0.499061 -1.450152
2026-09-21T02:16:00.000 -543.943722 4193.709667 -5330.616674 -7.605713 -0.784006 0.154874
2026-09-21T02:20:00.000 -2327.641080 3856.379833 -5100.853376 -7.168351 -2.010052 1.748192
2026-09-21T02:24:00.000 -3943.195891 3240.495650 -4501.592187 -6.212877 -3.091332 3.215449
2026-09-21T02:28:00.000 -5273.709280 2390.390945 -3576.027131 -4.807185 -3.950057 4.450874
2026-09-21T02:32:00.000 -6222.580529 1367.324603 -2390.966652 -3.051649 -4.523830 5.364638
2026-09-21T02:36:00.000 -6720.569890 245.202924 -1032.188704 -1.072621 -4.770350 5.889516
2026-09-21T02:40:00.000 -6731.022600 -894.692409 401.665500 0.986345 -4.670910 5.986288
2026-09-21T02:44:00.000 -6252.754215 -1969.617787 1806.264522 2.975082 -4.232167 5.647121
2026-09-21T02:48:00.000 -5320.270218 -2901.461408 3079.276892 4.748258 -3.485833 4.896430
2026-09-21T02:52:00.000 -4001.256174 -3622.506769 4127.938426 6.176465 -2.486256 3.789000
2026-09-21T02:56:00.000 -2391.563015 -4080.388377 4875.866991 7.155833 -1.306182 2.405661
2026-09-21T03:00:00.000 -608.147352 -4241.866452 5268.600823 7.615360 -0.031249 0.847097
2026-09-21T03:04:00.000 1219.440391 -4095.183601 5277.494765 7.521662 1.246230 -0.773533
2026-09-21T03:08:00.000 2958.393504 -3650.890622 4901.763400 6.881133 2.433747 -2.338578
2026-09-21T03:12:00.000 4482.202883 -2941.117207 4168.575247 5.739599 3.445042 -3.734102
2026-09-21T03:16:00.000 5679.829554 -2017.325502 3131.182408 4.179468 4.206260 -4.858002
2026-09-21T03:20:00.000 6463.881035 -946.650743 1865.152463 2.314259 4.661500 -5.627620
2026-09-21T03:24:00.000 6777.159741 192.969406 462.891924 0.280526 4.777267 -5.986245
2026-09-21T03:28:00.000 6596.995665 1318.547056 -973.181400 -1.772419 4.545274 -5.907738
2026-09-21T03:32:00.000 5936.929488 2348.222034 -2338.283874 -3.694118 3.983130 -5.398635
2026-09-21T03:36:00.000 4845.574789 3207.334417 -3533.073856 -5.344635 3.132781 -4.497387
2026-09-21T03:40:00.000 3402.800633 3833.871122 -4470.947471 -6.605022 2.056929 -3.270919
2026-09-21T03:44:00.000 1713.651687 4182.863027 -5084.241109 -7.385595 0.833974 -1.809085
2026-09-21T03:48:00.000 -99.407727 4229.456341 -5328.927659 -7.631595 -0.447873 -0.217786
2026-09-21T03:52:00.000 -1905.293993 3970.527621 -5187.573753 -7.326264 -1.696767 1.388543
2026-09-21T03:56:00.000 -3573.557000 3424.816832 -4670.463592 -6.491581 -2.823366 2.894644
2026-09-21T04:00:00.000 -4983.549598 2631.610137 -3814.874152 -5.186844 -3.746759 4.192104
2026-09-21T04:04:00.000 -6032.997161 1648.038516 -2682.532289 -3.505070 -4.400035 5.186796
2026-09-21T04:08:00.000 -6645.426615 545.107033 -1355.344109 -1.567068 -4.735236 5.805758
2026-09-21T04:12:00.000 -6775.890016 -597.343274 70.403924 0.486820 -4.727213 6.002940
2026-09-21T04:16:00.000 -6414.457317 -1696.419395 1491.016391 2.506947 -4.375903 5.763112
2026-09-21T04:20:00.000 -5587.099460 -2672.268328 2803.015074 4.345709 -3.706568 5.103335
2026-09-21T04:24:00.000 -4353.829666 -3453.971678 3910.792424 5.868841 -2.767916 4.071706
2026-09-21T04:28:00.000 -2804.260477 -3984.749603 4733.650950 6.965471 -1.628290 2.743555
2026-09-21T04:32:00.000 -1050.988131 -4226.070074 5211.673680 7.556055 -0.370450 1.215615
2026-09-21T04:36:00.000 778.625246 -4160.391626 5310.022078 7.597759 0.914496 -0.401134
2026-09-21T04:40:00.000 2551.646986 -3792.397496 5021.417624 7.087242 2.133532 -1.989350
2026-09-21T04:44:00.000 4139.132541 -3148.676310 4366.688671 6.060917 3.198195 -3.433516
2026-09-21T04:48:00.000 5425.449541 -2275.870494 3393.349945 4.592728 4.030843 -4.628100
2026-09-21T04:52:00.000 6316.757781 -1237.375860 2172.259975 2.789315 4.570406 -5.485342
2026-09-21T04:56:00.000 6748.013282 -108.764709 792.512932 0.782550 4.777177 -5.942063
2026-09-21T05:00:00.000 6687.888272 1027.772187 -645.119171 -1.280276 4.636103 -5.964801
2026-09-21T05:04:00.000 6141.124698 2089.537928 -2035.698773 -3.247849 4.158044 -5.552529
2026-09-21T05:08:00.000 5148.079206 2999.476905 -3277.954346 -4.976620 3.378795 -4.736567
2026-09-21T05:12:00.000 3781.525888 3691.825647 -4281.750794 -6.341659 2.355989 -3.577712
2026-09-21T05:16:00.000 2141.075456 4116.812972 -4974.587297 -7.245527 1.164371 -2.161115
2026-09-21T05:20:00.000 345.767886 4244.094346 -5306.667345 -7.624581 -0.109916 -0.589639
2026-09-21T05:24:00.000 -1474.531421 4064.755417 -5254.268876 -7.452657 -1.375458 1.023562
2026-09-21T05:28:00.000 -3188.327000 3591.836082 -4821.293567 -6.742364 -2.541733 2.562733
2026-09-21T05:32:00.000 -4671.733238 2859.393863 -4038.966312 -5.544185 -3.525096 3.917210
2026-09-21T05:36:00.000 -5817.241989 1920.161961 -2963.705424 -3.943419 -4.254472 4.988940
2026-09-21T05:40:00.000 -6541.484392 841.899716 -1673.236627 -2.054836 -4.676510 5.699528
2026-09-21T05:44:00.000 -6791.423187 -297.389334 -261.120303 -0.014955 -4.759787 5.996303
2026-09-21T05:48:00.000 -6548.430887 -1415.082172 1169.990674 2.027772 -4.497537 5.856719
2026-09-21T05:52:00.000 -5829.828963 -2429.992295 2515.879447 3.924141 -3.908457 5.290417
2026-09-21T05:56:00.000 -4687.689905 -3268.361833 3678.470419 5.535627 -3.035359 4.338602
2026-09-21T06:00:00.000 -3204.990635 -3869.285785 4573.063604 6.744826 -1.941832 3.070791
2026-09-21T06:04:00.000 -1489.474968 -4189.136423 5134.515805 7.463971 -0.707346 1.579386
2026-09-21T06:08:00.000 334.232848 -4204.681264 5321.927412 7.640939 0.578644 -0.027230
2026-09-21T06:12:00.000 2133.644533 -3914.721506 5121.556286 7.262665 1.823057 -1.632461
2026-09-21T06:16:00.000 3777.935378 -3340.183597 4547.815514 6.356015 2.935670 -3.119640
2026-09-21T06:20:00.000 5147.383424 -2522.668163 3642.304956 4.986173 3.835451 -4.380227
2026-09-21T06:24:00.000 6142.115514 -1521.520545 2470.902229 3.252450 4.456495 -5.321719
2026-09-21T06:28:00.000 6689.531066 -409.567984 1119.039577 1.281451 4.753118 -5.874750
2026-09-21T06:32:00.000 6749.781023 732.215186 -314.557666 -0.782232 4.703591 -5.998675
2026-09-21T06:36:00.000 6318.777735 1820.719178 -1725.216060 -2.787136 4.311970 -5.684905
2026-09-21T06:40:00.000 5428.426891 2776.885004 -3010.132793 -4.586739 3.607697 -4.957471
2026-09-21T06:44:00.000 4144.071898 3531.528343 -4075.987872 -6.050660 2.643020 -3.870768
2026-09-21T06:48:00.000 2559.445310 4030.320356 -4845.713067 -7.074078 1.488643 -2.504889
2026-09-21T06:52:00.000 789.647671 4237.572463 -5263.921496 -7.584681 0.228219 -0.959263
2026-09-21T06:56:00.000 -1037.223531 4138.623716 -5300.684545 -7.546977 -1.047698 0.654646
2026-09-21T07:00:00.000 -2789.178876 3740.756216 -4953.505346 -6.964145 -2.247824 2.220992
2026-09-21T07:04:00.000 -4339.616278 3072.642575 -4247.443626 -5.877663 -3.286181 3.627262
2026-09-21T07:08:00.000 -5576.254739 2182.370375 -3233.402708 -4.364792 -4.087888 4.771850
2026-09-21T07:12:00.000 -6409.195523 1134.126313 -1984.636865 -2.533794 -4.594499 5.571252
2026-09-21T07:16:00.000 -6777.551176 3.690592 -591.621396 -0.516781 -4.768503 5.966416
2026-09-21T07:20:00.000 -6654.084339 -1127.000397 844.434590 1.539657 -4.596498 5.927586
2026-09-21T07:24:00.000 -6047.391676 -2175.840497 2218.986414 3.485398 -4.090524 5.456951
2026-09-21T07:28:00.000 -5001.372281 -3066.609200 3431.876122 5.178272 -3.287282 4.588652
2026-09-21T07:32:00.000 -3591.998869 -3734.586461 4394.730654 6.494854 -2.245277 3.386102
2026-09-21T07:36:00.000 -1921.690624 -4131.270571 5037.430268 7.339504 -1.040285 1.937006
2026-09-21T07:40:00.000 -111.795003 -4227.858468 5313.169564 7.651012 0.240327 0.346734
2026-09-21T07:44:00.000 1706.212708 -4017.282833 5201.796216 7.406640 1.503865 -1.269295
2026-09-21T07:48:00.000 3400.190035 -3514.714206 4711.257002 6.623603 2.658783 -2.793702
2026-09-21T07:52:00.000 4846.845431 -2756.514703 3877.082561 5.358072 3.621077 -4.115358
2026-09-21T07:56:00.000 5940.712950 -1797.689639 2759.918373 3.701621 4.320360 -5.137398
2026-09-21T08:00:00.000 6601.958876 -707.956879 1441.201109 1.775027 4.705229 -5.784567
2026-09-21T08:04:00.000 6782.388797 433.337821 17.217585 -0.280481 4.747417 -6.009221
2026-09-21T08:08:00.000 6469.095818 1543.097750 -1408.040205 -2.313990 4.444154 -5.795233
2026-09-21T08:12:00.000 5685.379150 2540.663967 -2730.644345 -4.176676 3.818363 -5.159227
2026-09-21T08:16:00.000 4488.847752 3353.779302 -3854.450795 -5.733262 2.916618 -4.148945
2026-09-21T08:20:00.000 2966.935025 3923.825045 -4698.112935 -6.871961 1.805209 -2.839083
2026-09-21T08:24:00.000 1230.300983 4209.941199 -5200.854199 -7.512048 0.564886 -1.325243
2026-09-21T08:28:00.000 -595.269140 4191.791234 -5326.644104 -7.608809 -0.715087 0.283204
2026-09-21T08:32:00.000 -2377.845896 3870.868094 -5066.593769 -7.155966 -1.943087 1.870734
2026-09-21T08:36:00.000 -3988.642948 3270.328396 -4439.506808 -6.185839 -3.031207 3.323384
2026-09-21T08:40:00.000 -5311.085373 2433.389151 -3490.586062 -4.767359 -3.901135 4.536379
2026-09-21T08:44:00.000 -6249.136924 1420.356418 -2288.341619 -3.001852 -4.489642 5.421446
2026-09-21T08:48:00.000 -6734.332873 304.414113 -919.818391 -1.016459 -4.753352 5.913408
2026-09-21T08:52:00.000 -6730.952273 -833.599640 515.612448 1.044745 -4.672322 5.975444
2026-09-21T08:56:00.000 -6238.831599 -1911.076772 1913.490052 3.031400 -4.251892 5.602293
2026-09-21T09:00:00.000 -5293.500889 -2849.723408 3171.968514 4.798335 -3.522458 4.820887
2026-09-21T09:04:00.000 -3963.590649 -3581.334012 4199.346429 6.216636 -2.537140 3.688269
2026-09-21T09:08:00.000 -2345.745287 -4052.778884 4920.797112 7.183187 -1.367635 2.287093
2026-09-21T09:12:00.000 -557.509477 -4229.831769 5283.787239 7.627931 -0.098791 0.719312
2026-09-21T09:16:00.000 1271.219180 -4099.598304 5261.831543 7.518538 1.177535 -0.901263
2026-09-21T09:20:00.000 3007.547733 -3671.427046 4856.383536 6.862512 2.368918 -2.456975
2026-09-21T09:24:00.000 4525.148977 -2976.270943 4096.773750 5.706794 3.388804 -3.834534
2026-09-21T09:28:00.000 5713.427514 -2064.528436 3038.185691 4.134847 4.162699 -4.933107
2026-09-21T09:32:00.000 6485.671802 -1002.460853 1757.744038 2.261097 4.633770 -5.671870
2026-09-21T09:36:00.000 6785.556361 132.617332 348.916034 0.222767 4.767378 -5.996389
2026-09-21T09:40:00.000 6591.406621 1258.048168 -1085.402380 -1.830482 4.553950 -5.883070
2026-09-21T09:44:00.000 5917.799338 2291.985125 -2440.570126 -3.748204 4.009758 -5.341038
2026-09-21T09:48:00.000 4814.339074 3159.462960 -3617.993066 -5.390820 3.175443 -4.411159
2026-09-21T09:52:00.000 3361.764527 3797.863215 -4532.353549 -6.640025 2.112526 -3.162407
2026-09-21T09:56:00.000 1665.810301 4161.352532 -5117.707300 -7.406974 0.898447 -1.686179
2026-09-21T10:00:00.000 -150.587546 4224.016416 -5332.049066 -7.637875 -0.379248 -0.089344
2026-09-21T10:04:00.000 -1956.114074 3981.553812 -5160.127089 -7.317000 -1.629017 1.513301
2026-09-21T10:08:00.000 -3620.339218 3451.499843 -4614.420200 -6.467386 -2.761441 3.006751
2026-09-21T10:12:00.000 -5022.889292 2671.999625 -3734.266587 -5.149379 -3.695158 4.283449
2026-09-21T10:16:00.000 -6062.007395 1699.190728 -2583.178522 -3.456971 -4.362489 5.250704
2026-09-21T10:20:00.000 -6661.956607 603.302468 -1244.440180 -1.511799 -4.714442 5.837498
2026-09-21T10:24:00.000 -6778.696524 -536.329802 184.800645 0.545207 -4.724664 6.000117
2026-09-21T10:28:00.000 -6403.308081 -1637.015444 1600.577576 2.564136 -4.391784 5.725881
2026-09-21T10:32:00.000 -5562.794695 -2618.786840 2899.758130 4.397472 -3.739743 5.034403
2026-09-21T10:36:00.000 -4318.139041 -3410.300347 3987.671227 5.911379 -2.815996 3.976119
2026-09-21T10:40:00.000 -2759.784875 -3954.067482 4785.071892 6.995697 -1.687793 2.628292
2026-09-21T10:44:00.000 -1000.963256 -4210.612595 5233.898853 7.571794 -0.437042 1.089063
2026-09-21T10:48:00.000 830.564471 -4161.283553 5301.434767 7.597875 0.845680 -0.529790
2026-09-21T10:52:00.000 2601.724871 -3809.568693 4982.637024 7.071703 2.067520 -2.110771
2026-09-21T10:56:00.000 4183.700682 -3180.867759 4300.528867 6.030814 3.139803 -3.538857
2026-09-21T11:00:00.000 5461.251304 -2320.729239 3304.624016 4.550223 3.984317 -4.709651
2026-09-21T11:04:00.000 6341.172528 -1291.629572 2067.437122 2.737516 4.539116 -5.537103
2026-09-21T11:08:00.000 6759.259172 -168.460822 679.247269 0.725293 4.763390 -5.960227
2026-09-21T11:12:00.000 6685.161476 966.980828 -758.555620 -1.338732 4.640822 -5.948061
2026-09-21T11:16:00.000 6124.658125 2032.080277 -2141.033090 -3.303184 4.180941 -5.502181
2026-09-21T11:20:00.000 5119.114848 2949.543947 -3367.526427 -5.024802 3.418225 -4.656383
2026-09-21T11:24:00.000 3742.207714 3653.064869 -4349.071658 -6.379248 2.409093 -3.473611
2026-09-21T11:28:00.000 2094.279510 4092.059193 -5014.799551 -7.269892 1.227276 -2.040686
2026-09-21T11:32:00.000 294.889720 4235.158490 -5316.879462 -7.634039 -0.041815 -0.461576
2026-09-21T11:36:00.000 -1525.814433 4072.289475 -5233.748504 -7.446551 -1.307153 1.150061
2026-09-21T11:40:00.000 -3236.306051 3615.286175 -4771.514435 -6.721092 -2.478217 2.678584
2026-09-21T11:44:00.000 -4712.922099 2897.044770 -3963.508254 -5.509199 -3.470992 4.014048
2026-09-21T11:48:00.000 -5848.624335 1969.267719 -2868.010541 -3.897169 -4.213696 5.059705
2026-09-21T11:52:00.000 -6560.739174 898.887684 -1564.230483 -2.000637 -4.651996 5.738998
2026-09-21T11:56:00.000 -6797.107618 -236.658036 -146.717368 0.043234 -4.753293 6.001519
2026-09-21T12:00:00.000 -6540.099597 -1355.014902 1281.464669 2.085654 -4.509531 5.827239
2026-09-21T12:04:00.000 -5808.073274 -2374.949371 2616.303117 3.977435 -3.938081 5.228375
2026-09-21T12:08:00.000 -4654.091943 -3222.343158 3760.528389 5.580412 -3.080482 4.248537
2026-09-21T12:12:00.000 -3161.999197 -3835.640234 4630.783917 6.777845 -1.999191 2.959285
2026-09-21T12:16:00.000 -1440.219072 -4170.315106 5163.702030 7.482843 -0.772767 1.454559
2026-09-21T12:20:00.000 386.173578 -4202.054708 5320.457543 7.644306 0.509937 -0.156315
2026-09-21T12:24:00.000 2184.495365 -3928.476860 5089.532927 7.250267 1.756086 -1.756437
2026-09-21T12:28:00.000 3823.993980 -3369.311129 4487.560832 6.328714 2.875323 -3.229485
2026-09-21T12:32:00.000 5185.286515 -2565.037675 3558.199940 4.945922 3.786121 -4.467911
2026-09-21T12:36:00.000 6169.089019 -1574.039997 2369.076269 3.202182 4.421757 -5.380797
2026-09-21T12:40:00.000 6703.603546 -468.410250 1006.926163 1.224881 4.735486 -5.900872
2026-09-21T12:44:00.000 6749.937997 671.335117 -428.769868 -0.840900 4.704346 -5.989942
2026-09-21T12:48:00.000 6305.038287 1762.235773 -1833.193686 -2.843555 4.331069 -5.642017
2026-09-21T12:52:00.000 5401.833901 2725.062536 -3104.017451 -4.636782 3.643771 -4.883653
2026-09-21T12:56:00.000 4106.600076 3490.150919 -4148.971801 -6.090735 2.693458 -3.771488
2026-09-21T13:00:00.000 2513.842117 4002.413504 -4892.525489 -7.101369 1.549771 -2.387404
